	ahli            57.643 4.843 27.643 46.786 91.0 15.143
	aliniger        55.9 4.69 23.7 34.8 92.25 22.5
	alutaceus       35.333 0.633 12.667 27.083 92.0 17.167
	angusticeps     48.2 1.9 16.6 26.0 64.9 19.5
	bahorucoensis   43.933 1.667 17.933 36.2 111.444 19.5
	barahonae       156.333 80.833 67.667 105.333 275.0 31.0
	brevirostris    47.0 2.7 23.0 35.0 65.0 18.2
	coelestinus     71.667 9.25 30.333 47.667 128.0 27.9
	cristatellus    63.8 8.131 32.114 53.771 114.6 19.6
	cuvieri         133.5 47.6 61.1 100.6 284.5 30.0
	distichus       51.267 3.913 25.933 38.333 71.5 17.6
	equestris       156.0 76.333 64.833 98.5 301.0 42.333
	garmani         107.9 30.148 47.4 78.8 216.7 28.4
	grahami         61.071 6.211 28.385 45.429 108.3 25.9
	insolitus       41.8 1.0 13.2 23.4 53.2 15.0
	krugi           48.6 2.355 21.12 38.88 128.3 19.5
	lineatopus      56.545 4.657 26.714 46.048 107.6 18.4
	loysiana        40.0 1.2 17.75 24.75 51.0 17.5
	luteogularis    183.0 112.0 72.0 112.0 331.0 40.0
	marcanoi        55.563 4.957 27.688 46.188 113.25 20.313
	occultus        37.7 0.5 10.7 17.0 43.0 18.0
	olssoni         46.462 1.569 16.538 35.769 141.417 18.8
	ophiolepis      38.0 1.2 14.0 24.111 89.0 15.333
	paternus        47.0 2.0 16.5 26.0 84.0 19.0
	porcatus        77.643 10.243 30.5 45.786 167.25 30.429
	sagrei          49.0 2.958 21.2 36.2 94.9 18.1
	strahmi         74.333 11.333 39.0 65.333 141.5 21.333
	stratulus       44.45 1.88 21.5 32.75 71.7 19.0
	valencienni     72.7 7.067 26.0 38.7 90.5 22.6
	vanidicus       37.75 0.663 12.125 25.625 96.6 13.625
	